clip | reference events | served default: events, equal | served v1: events, equal
Big_Buck_Bunny_360_10s_1MB | 1 | 1, yes | 1, yes
  ref:    [(0.0, 10.0)]
  default [(0.0, 10.0)]
  v1      [(0.0, 10.0)]
sample-10s | 3 | 3, yes | 1, no
  ref:    [(0.0, 1.5), (1.5, 4.5), (4.5, 10.1)]
  default [(0.0, 1.5), (1.5, 4.5), (4.5, 10.1)]
  v1      [(0.0, 10.1)]
sop09-120s-640x360 | 21 | 14, no | no answer (see .err)
  ref:    [(0.5, 1.5), (1.5, 8.5), (8.5, 9.5), (17.5, 18.5), (18.5, 26.0), (26.0, 27.0), (34.5, 35.5), (35.5, 43.0), (43.0, 44.0), (51.5, 52.5), (52.5, 60.0), (60.0, 61.0), (68.5, 69.5), (69.5, 77.0), (77.0, 78.0), (85.5, 86.5), (86.5, 94.0), (94.0, 95.0), (102.5, 103.5), (103.5, 111.0), (111.0, 112.0)]
  default [(0.0, 8.5), (8.5, 17.5), (17.5, 26.0), (26.0, 34.5), (34.5, 43.0), (43.0, 51.5), (51.5, 60.5), (60.5, 68.5), (68.5, 77.5), (77.5, 85.5), (85.5, 94.5), (94.5, 102.5), (102.5, 111.5), (111.5, 122.0)]
sop10-120s-854x480-step_spans_segment_boundary | 7 | 7, no | no answer (see .err)
  ref:    [(0.5, 8.5), (17.5, 25.5), (34.5, 43.0), (51.5, 61.5), (68.5, 77.0), (85.5, 94.0), (102.5, 111.5)]
  default [(0.5, 1.5), (17.5, 18.5), (34.5, 35.5), (51.5, 52.5), (68.5, 69.5), (102.5, 103.5), (103.5, 111.0)]
sop11-120s-1280x720 | 8 | 10, no | no answer (see .err)
  ref:    [(0.5, 1.5), (15.0, 16.0), (30.5, 31.5), (35.5, 36.5), (60.5, 61.5), (75.0, 76.0), (90.5, 91.5), (104.5, 105.5)]
  default [(0.0, 1.0), (1.0, 15.0), (15.0, 16.0), (30.5, 31.0), (31.0, 45.0), (45.0, 46.0), (60.5, 75.0), (75.0, 76.0), (90.5, 104.5), (104.5, 105.5)]
